sse=3626561.581764 batch=0 info=0
A(1)=293.163866;
A(2)=113.463918;
A(3)=388.936440;
A(4)=266.123622;
A(5)=764.915739;
A(6)=421.019167;
A(7)=493.971524;
A(8)=278.970951;
A(9)=605.444999;
A(10)=657.537048;
A(11)=214.647349;
A(12)=256.454963;
A(13)=666.292861;
A(14)=50.730473;
A(15)=797.287904;
A(16)=267.526412;
A(17)=800.767893;
A(18)=830.295807;
A(19)=716.014261;
A(20)=731.523709;
A(21)=660.830694;
A(22)=979.488690;
A(23)=959.345451;
A(24)=752.006985;
A(25)=74.790307;
A(26)=791.069586;
A(27)=991.881082;
A(28)=869.882439;
A(29)=721.768847;
A(30)=197.717394;
A(31)=576.463046;
A(32)=14.932412;
B(1)=548.420298;
B(2)=920.908246;
B(3)=865.614731;
B(4)=934.838649;
B(5)=695.935503;
B(6)=220.682128;
B(7)=926.701697;
B(8)=128.499506;
B(9)=790.397177;
B(10)=175.019406;
B(11)=227.356370;
B(12)=410.842395;
B(13)=220.625020;
B(14)=593.739646;
B(15)=832.055508;
B(16)=96.526139;
B(17)=676.136881;
B(18)=984.792027;
B(19)=633.257952;
B(20)=738.022504;
B(21)=96.873395;
B(22)=921.996448;
B(23)=874.698434;
B(24)=0.024348;
B(25)=202.615423;
B(26)=881.256501;
B(27)=624.944148;
B(28)=680.952094;
B(29)=464.277313;
B(30)=264.796058;
B(31)=470.469775;
B(32)=12.697309;
x(1)=0.772864;
x(2)=0.209175;
x(3)=464.613915;
x(4)=710.578288;
x(5)=-20.974237;
x(6)=-416.431671;
x(7)=418.222621;
x(8)=-499.942604;
x(9)=168.305292;
x(10)=-543.694694;
x(11)=-34.146619;
x(12)=183.721733;
x(13)=-526.266151;
x(14)=537.577287;
x(15)=100.498543;
x(16)=-277.580576;
x(17)=-277.661749;
x(18)=351.963789;
x(19)=52.305866;
x(20)=-19.691088;
x(21)=-405.200105;
x(22)=169.040849;
x(23)=60.047131;
x(24)=-599.893562;
x(25)=-240.685901;
x(26)=881.256501;
x(27)=624.944148;
x(28)=680.952094;
x(29)=464.277313;
x(30)=264.796058;
x(31)=470.469775;
x(32)=12.697309;
sse=3149709.988138 batch=0 info=0
sse=3109877.749706 batch=0 info=0
sse=2419176.817553 batch=0 info=0
batchTime=57.005791
